Month,Nominal,Real
2016-01-01,10368.6;10489.9;10729.4,5437.1263765076;5500.73413738857;5626.32406921867
2016-01-02,10551.9;10766.2;10841.6,5501.51199165798;5613.24296141814;5652.55474452555
2016-01-03,10405.7;10503.8;10940.6,5383.1867563373;5433.93688566994;5659.90688049664
2016-01-04,10012.4;10192.5;10546.3,5145.11819116136;5237.66700924974;5419.47584789311
2016-01-05,10140.1;10467.5;10542.6,5216.10082304527;5384.51646090535;5423.14814814815
2016-01-06,10275.0;10275.0;10623.1,5282.7763496144;5282.7763496144;5461.74807197943
2016-01-07,10270.7;10640.9;10705.6,5256.24360286592;5445.7011258956;5478.81269191402
2016-01-08,10397.3;10481.6;10697.6,5293.94093686354;5336.86354378819;5446.84317718941
2016-01-09,10378.0;10568.7;10682.9,5220.32193158954;5316.24748490946;5373.6921529175
2016-01-10,10215.2;10440.1;10535.5,5128.1124497992;5241.0140562249;5288.90562248996
2016-01-11,10406.8;10805.9;10931.6,5266.5991902834;5468.57287449393;5532.18623481781
2016-01-12,10717.5;10717.5;10912.6,5445.88414634146;5445.88414634146;5545.02032520325
2016-01-13,10667.4;10864.9;11043.4,5379.42511346445;5479.02168431669;5569.03681290973
2016-01-14,10749.8;10993.4;11137.2,5410.06542526422;5532.66230498239;5605.03271263211
2016-01-15,10958.6;11109.3;11317.4,5484.78478478478;5560.21021021021;5664.36436436436
2016-01-16,11073.8;11367.1;11382.5,5495.68238213399;5641.24069478908;5648.88337468983
2016-01-17,11094.4;11168.3;11642.7,5478.71604938272;5515.20987654321;5749.48148148148
2016-01-18,10706.1;11150.2;11260.3,5276.54016757023;5495.41646131099;5549.67964514539
2016-01-19,10739.4;11185.7;11228.0,5277.34643734644;5496.65847665848;5517.44471744472
2016-01-20,11076.2;11381.2;11382.9,5432.17263364394;5581.75576262874;5582.58950465915
2016-01-21,11331.4;11679.1;11718.5,5584.7215377033;5756.08674223756;5775.50517496304
2016-01-22,11670.4;12080.7;12163.7,5783.15163528246;5986.47175421209;6027.60158572844
2016-01-23,11986.0;12221.9;12342.6,5948.38709677419;6065.45905707196;6125.35980148883
2016-01-24,12194.1;12463.2;12510.6,6042.66600594648;6176.01585728444;6199.50445986125
2016-01-25,12398.0;12621.7;12621.8,6125.00988064185;6235.52485969489;6235.57426290412
2016-01-26,12216.2;12268.6;12786.6,6003.07618219254;6028.82569447516;6283.37239986437
2016-01-27,12050.4;12354.4;12481.0,5868.16782889867;6016.20631890607;6077.85655849468
2016-01-28,12382.3;13062.9;13120.9,5990.87504717301;6320.16682310364;6348.22871408804
2016-01-29,13136.1;13627.6;13633.1,6316.9815675959;6553.33759719931;6555.9824764726
2016-01-30,13266.7;13408.6;13676.3,6367.44547688527;6435.55137459684;6564.03586238673
2016-01-31,13212.0;13212.0;14000.4,6342.8052943125;6342.8052943125;6721.29967018565
2016-02-01,12845.8;13357.7;13657.9,6178.3307762232;6424.53479032499;6568.91932838585
2016-02-02,13113.4;13895.6;13912.9,6289.70214398772;6664.87601323804;6673.17377332246
2016-02-03,13522.0;13930.0;14164.5,6471.83826626335;6667.11337443045;6779.34870008041
2016-02-04,12743.4;13371.7;13660.9,6063.17532365578;6362.11383738468;6499.71214738054
2016-02-05,13167.2;13264.8;13727.0,6269.02054885829;6315.48877335314;6535.54628730313
2016-02-06,11971.2;12650.4;13056.7,5671.40420693576;5993.17794201251;6185.66420314573
2016-02-07,12182.1;12266.4;12743.2,5754.60690717218;5794.42872461536;6019.66054616827
2016-02-08,11740.2;12262.9;12548.6,5498.20164100259;5742.99389307257;5876.79367577086
2016-02-09,12302.1;12820.1;12891.9,5726.62145114815;5967.75019434604;6001.17305875069
2016-02-10,12479.6;12638.3;13058.2,5760.73710255179;5833.99497765796;6027.82599062016
2016-02-11,11346.5;11350.0;12604.5,5185.430614903;5187.03013961566;5760.34549733793
2016-02-12,10962.5;11378.0;11632.4,4983.77007146624;5172.66461784656;5288.31990689385
2016-02-13,11284.2;11543.6;11782.4,5150.58013748026;5268.98113069753;5377.97942360534
2016-02-14,10365.5;10850.7;11532.9,4737.79955481002;4959.57181316647;5271.387630666
2016-02-15,8175.77;9325.01;10831.1,3775.06429702687;4305.71216171914;5001.13125828243